{
 "cells": [
  {
   "cell_type": "code",
   "execution_count": 1,
   "metadata": {
    "collapsed": true
   },
   "outputs": [],
   "source": [
    "%matplotlib inline\n",
    "import random\n",
    "import numpy as np\n",
    "import math"
   ]
  },
  {
   "cell_type": "code",
   "execution_count": 2,
   "metadata": {
    "collapsed": false
   },
   "outputs": [],
   "source": [
    "L = 1000\n",
    "N = 10\n",
    "e = 0.000001"
   ]
  },
  {
   "cell_type": "code",
   "execution_count": 3,
   "metadata": {
    "collapsed": true
   },
   "outputs": [],
   "source": [
    "p = np.ones(N)\n",
    "g = np.empty((N,N))\n",
    "Gamma = np.empty(N)\n",
    "sigma  = np.empty(N)\n",
    "gamma = np.empty(N)\n",
    "p_new = np.empty(N)"
   ]
  },
  {
   "cell_type": "code",
   "execution_count": 4,
   "metadata": {
    "collapsed": true
   },
   "outputs": [],
   "source": [
    "x = np.empty(N) ; y = np.empty(N)"
   ]
  },
  {
   "cell_type": "code",
   "execution_count": 5,
   "metadata": {
    "collapsed": true
   },
   "outputs": [],
   "source": [
    "def cal_gain(x0, x1, y0, y1):\n",
    "    r = math.hypot(x1 - x0, y1 - y0)\n",
    "    return 1.0 / (r * r)"
   ]
  },
  {
   "cell_type": "code",
   "execution_count": 6,
   "metadata": {
    "collapsed": false
   },
   "outputs": [],
   "source": [
    "random.seed(0)\n",
    "for i in range(N):\n",
    "    x[i] = random.uniform(0 , L ) ; y[i] = random.uniform(0 , L )\n",
    "    Gamma[i] = random.uniform(2, 10)\n",
    "    sigma[i] = random.normalvariate(0, 1)\n",
    "for i in range(N):\n",
    "    for j in range(N):\n",
    "        if i == j :\n",
    "            g[i, j] = 1.0\n",
    "        else:\n",
    "            g[i, j] = g[j, i] =  cal_gain(x[i], x[j], y[i], y[j])"
   ]
  },
  {
   "cell_type": "code",
   "execution_count": 7,
   "metadata": {
    "collapsed": true
   },
   "outputs": [],
   "source": [
    "counter = 0"
   ]
  },
  {
   "cell_type": "code",
   "execution_count": 8,
   "metadata": {
    "collapsed": false
   },
   "outputs": [],
   "source": [
    "while not(np.all(abs(Gamma - gamma) < e )):\n",
    "#for k in range(100):\n",
    "    counter += 1\n",
    "    for i in range(N):\n",
    "        s = 0\n",
    "        for j in range(0, i):\n",
    "            s += g[i, j] * p[j]\n",
    "        for j in range(i+1, N):\n",
    "            s += g[i, j] * p[j]\n",
    "        if(p[i] == 0):\n",
    "            p[i] = Gamma[i] *(s + sigma[i] * sigma[i]) / g[i, i]\n",
    "        else:\n",
    "            gamma[i] = g[i, i] * p[i] / (s + sigma[i] * sigma[i])\n",
    "            p[i] = (Gamma[i] / gamma[i] ) * p[i]"
   ]
  },
  {
   "cell_type": "code",
   "execution_count": 9,
   "metadata": {
    "collapsed": false
   },
   "outputs": [
    {
     "name": "stdout",
     "output_type": "stream",
     "text": [
      "5.38395868527\n",
      "24.2005627682\n",
      "7.37320377635\n",
      "2.18650274562\n",
      "4.99406466685\n",
      "3.17248483289\n",
      "0.527913047335\n",
      "0.897913758205\n",
      "10.5431375986\n",
      "29.4438314566\n"
     ]
    }
   ],
   "source": [
    "for i in p:\n",
    "    print(i)"
   ]
  },
  {
   "cell_type": "code",
   "execution_count": 10,
   "metadata": {
    "collapsed": false
   },
   "outputs": [],
   "source": [
    "p_cal = np.empty((N, 1))\n",
    "g_cal = np.empty((N,N))\n",
    "Gamma_cal = np.empty((N, 1))\n",
    "f_cal = np.empty((N,N))\n",
    "n_cal = np.empty((N,1))\n",
    "sigma_cal = np.empty((N,1))\n",
    "i_cal = np.identity(N)"
   ]
  },
  {
   "cell_type": "code",
   "execution_count": 11,
   "metadata": {
    "collapsed": false
   },
   "outputs": [],
   "source": [
    "g_cal = g\n",
    "Gamma_cal = Gamma\n",
    "sigma_cal = sigma\n",
    "for i in range(N):\n",
    "    n_cal[i] = Gamma_cal[i] * sigma_cal[i] * sigma_cal[i] / g_cal[i, i]"
   ]
  },
  {
   "cell_type": "code",
   "execution_count": 12,
   "metadata": {
    "collapsed": false
   },
   "outputs": [],
   "source": [
    "from numpy import linalg as la\n",
    "for i in range(N):\n",
    "    for j in range(N):\n",
    "        if i == j :\n",
    "            f_cal[i, j]=0\n",
    "        else :\n",
    "            f_cal[i, j]  = Gamma_cal[i] * g_cal[i, j] / g_cal[i, i]\n",
    "p_cal = la.inv(i_cal - f_cal ) .dot(n_cal)"
   ]
  },
  {
   "cell_type": "code",
   "execution_count": 13,
   "metadata": {
    "collapsed": false
   },
   "outputs": [
    {
     "name": "stdout",
     "output_type": "stream",
     "text": [
      "[[ -1.59872116e-14   1.88166041e+01   1.98924509e+00  -3.19745594e+00\n",
      "   -3.89894018e-01  -2.21147385e+00  -4.85604564e+00  -4.48604493e+00\n",
      "    5.15917891e+00   2.40598728e+01]\n",
      " [ -1.88166041e+01  -1.24344979e-13  -1.68273590e+01  -2.20140600e+01\n",
      "   -1.92064981e+01  -2.10280779e+01  -2.36726497e+01  -2.33026490e+01\n",
      "   -1.36574252e+01   5.24326869e+00]\n",
      " [ -1.98924509e+00   1.68273590e+01  -2.22044605e-14  -5.18670103e+00\n",
      "   -2.37913911e+00  -4.20071894e+00  -6.84529073e+00  -6.47529002e+00\n",
      "    3.16993382e+00   2.20706277e+01]\n",
      " [  3.19745594e+00   2.20140600e+01   5.18670103e+00  -2.22044605e-15\n",
      "    2.80756192e+00   9.85982087e-01  -1.65858970e+00  -1.28858899e+00\n",
      "    8.35663485e+00   2.72573287e+01]\n",
      " [  3.89894018e-01   1.92064981e+01   2.37913911e+00  -2.80756192e+00\n",
      "   -1.24344979e-14  -1.82157983e+00  -4.46615162e+00  -4.09615091e+00\n",
      "    5.54907293e+00   2.44497668e+01]\n",
      " [  2.21147385e+00   2.10280779e+01   4.20071894e+00  -9.85982087e-01\n",
      "    1.82157983e+00   8.88178420e-16  -2.64457179e+00  -2.27457107e+00\n",
      "    7.37065277e+00   2.62713466e+01]\n",
      " [  4.85604564e+00   2.36726497e+01   6.84529073e+00   1.65858970e+00\n",
      "    4.46615162e+00   2.64457179e+00  -2.22044605e-16   3.70000711e-01\n",
      "    1.00152246e+01   2.89159184e+01]\n",
      " [  4.48604493e+00   2.33026490e+01   6.47529002e+00   1.28858899e+00\n",
      "    4.09615091e+00   2.27457107e+00  -3.70000711e-01   1.11022302e-16\n",
      "    9.64522384e+00   2.85459177e+01]\n",
      " [ -5.15917891e+00   1.36574252e+01  -3.16993382e+00  -8.35663485e+00\n",
      "   -5.54907293e+00  -7.37065277e+00  -1.00152246e+01  -9.64522384e+00\n",
      "   -1.77635684e-15   1.89006939e+01]\n",
      " [ -2.40598728e+01  -5.24326869e+00  -2.20706277e+01  -2.72573287e+01\n",
      "   -2.44497668e+01  -2.62713466e+01  -2.89159184e+01  -2.85459177e+01\n",
      "   -1.89006939e+01   3.55271368e-15]]\n"
     ]
    }
   ],
   "source": [
    "print (p - p_cal)"
   ]
  },
  {
   "cell_type": "code",
   "execution_count": 14,
   "metadata": {
    "collapsed": false
   },
   "outputs": [
    {
     "name": "stdout",
     "output_type": "stream",
     "text": [
      "[ 5.38395869]\n",
      "[ 24.20056277]\n",
      "[ 7.37320378]\n",
      "[ 2.18650275]\n",
      "[ 4.99406467]\n",
      "[ 3.17248483]\n",
      "[ 0.52791305]\n",
      "[ 0.89791376]\n",
      "[ 10.5431376]\n",
      "[ 29.44383146]\n"
     ]
    }
   ],
   "source": [
    "for i in p_cal:\n",
    "    print(i)"
   ]
  },
  {
   "cell_type": "code",
   "execution_count": 15,
   "metadata": {
    "collapsed": false
   },
   "outputs": [
    {
     "name": "stdout",
     "output_type": "stream",
     "text": [
      "6.40051217813\n",
      "9.36297435027\n",
      "8.80958003863\n",
      "6.93846545254\n",
      "6.01489030624\n",
      "2.51567635479\n",
      "2.09480672655\n",
      "3.80323425478\n",
      "7.67089187341\n",
      "7.3598897701\n",
      "\n",
      "-0.917024408902\n",
      "1.60722156567\n",
      "-0.911258836768\n",
      "-0.560937509144\n",
      "-0.910736657053\n",
      "-1.12292678718\n",
      "0.50073590252\n",
      "0.484127100119\n",
      "-1.1721844527\n",
      "1.99966754031\n"
     ]
    }
   ],
   "source": [
    "for i in Gamma:\n",
    "    print(i)\n",
    "print()\n",
    "for i in sigma:\n",
    "    print(i)"
   ]
  },
  {
   "cell_type": "code",
   "execution_count": 23,
   "metadata": {
    "collapsed": false
   },
   "outputs": [
    {
     "name": "stdout",
     "output_type": "stream",
     "text": [
      "1.0,1.31870541747e-06,1.26065483026e-06,6.44764838048e-05,9.74306600676e-07,3.528056239e-06,9.76339185727e-07,7.77467828148e-07,8.64619655896e-07,1.15087854814e-06,\n",
      "1.31870541747e-06,1.0,8.77364715252e-05,1.64170972697e-06,5.14193352789e-06,1.03574182053e-06,3.13383907997e-06,2.1893538606e-06,2.0966639013e-06,2.83733719952e-05,\n",
      "1.26065483026e-06,8.77364715252e-05,1.0,1.60173458711e-06,8.94775455277e-06,1.12759116449e-06,4.72034675862e-06,3.08483993586e-06,2.91032791781e-06,0.000147483746546,\n",
      "6.44764838048e-05,1.64170972697e-06,1.60173458711e-06,1.0,1.25306502229e-06,4.8856352671e-06,1.26678507091e-06,9.80415550981e-07,1.10589586714e-06,1.46645688808e-06,\n",
      "9.74306600676e-07,5.14193352789e-06,8.94775455277e-06,1.25306502229e-06,1.0,1.30886995725e-06,4.77450734175e-05,1.8010271955e-05,1.42398592845e-05,1.52243886274e-05,\n",
      "3.528056239e-06,1.03574182053e-06,1.12759116449e-06,4.8856352671e-06,1.30886995725e-06,1.0,1.57353486993e-06,1.29207444563e-06,1.57130698778e-06,1.13840037498e-06,\n",
      "9.76339185727e-07,3.13383907997e-06,4.72034675862e-06,1.26678507091e-06,4.77450734175e-05,1.57353486993e-06,1.0,5.77514776616e-05,6.30600051803e-05,6.62714410906e-06,\n",
      "7.77467828148e-07,2.1893538606e-06,3.08483993586e-06,9.80415550981e-07,1.8010271955e-05,1.29207444563e-06,5.77514776616e-05,1.0,0.000131349771495,4.13241772818e-06,\n",
      "8.64619655896e-07,2.0966639013e-06,2.91032791781e-06,1.10589586714e-06,1.42398592845e-05,1.57130698778e-06,6.30600051803e-05,0.000131349771495,1.0,3.78336999156e-06,\n",
      "1.15087854814e-06,2.83733719952e-05,0.000147483746546,1.46645688808e-06,1.52243886274e-05,1.13840037498e-06,6.62714410906e-06,4.13241772818e-06,3.78336999156e-06,1.0,\n"
     ]
    }
   ],
   "source": [
    "for i in g:\n",
    "    for j in i:\n",
    "        print (j,end=\"\"), \n",
    "        print(\",\",end=\"\"),\n",
    "    print()"
   ]
  },
  {
   "cell_type": "code",
   "execution_count": 16,
   "metadata": {
    "collapsed": true
   },
   "outputs": [],
   "source": [
    "import matplotlib.pyplot as plt"
   ]
  },
  {
   "cell_type": "code",
   "execution_count": 17,
   "metadata": {
    "collapsed": false
   },
   "outputs": [
    {
     "name": "stderr",
     "output_type": "stream",
     "text": [
      "/Users/admin/anaconda/lib/python3.6/site-packages/matplotlib/figure.py:402: UserWarning: matplotlib is currently using a non-GUI backend, so cannot show the figure\n",
      "  \"matplotlib is currently using a non-GUI backend, \"\n"
     ]
    },
    {
     "data": {
      "image/png": "iVBORw0KGgoAAAANSUhEUgAAAY8AAAEWCAYAAACe8xtsAAAABHNCSVQICAgIfAhkiAAAAAlwSFlz\nAAALEgAACxIB0t1+/AAAFgNJREFUeJzt3X2QXXd93/H3B1nYiyHIjjUaSzbIJIoak0wjuvUYSFOK\nycgBgjSdKXVnKE5KhmbGTUhCRawJmYQpT4kYShKGMB4occOD63FU4ZJphGOgSUqKWUck8gNbCYyx\nVrItShcIXYwsvv3jnoUrsbL1k/bq3rv3/Zq5s+f+ztP3/ED78XnY80tVIUlSi6cMuwBJ0vgxPCRJ\nzQwPSVIzw0OS1MzwkCQ1MzwkSc0MD42sJJuTfC7JN5L8cpL3JvnNYdc1TpL8dpIPDrsOrTyGh0bZ\nG4BPVtUzqur3q+oXq+o/nMmGknwpyUuWub6mfSbZmKSSnHcu6zhdw+gjjS/DQ6Ps2cC9p7PgqP5C\nXk6TcIwaH4aHRlKSTwD/DHh3kr9P8iNJ/ijJm7v5L0pyKMmvJ3kY+ECSS5J8LMl8kq8m+cskT0ny\nx8CzgP/WbesNS+xvyXW7eZcn2Z3kaJL/k+TdXfsPJflE1/aVJB9Ksqabt9Q+/6Lb3XzX9vxu2X+T\n5P4k/zfJ3iTP7qurktyQ5ABwYIm6F89mXpvkcJIjSf79E/TrK5Lc2x3np5L86BPUK51aVfnxM5If\n4FPAL/R9/yPgzd30i4DHgd8BzgemgLcB7wVWd59/AqRb/kvAS55gX0uuC6wC/hb4j8CFwAXAT3br\n/DDw093+19ILh3f1bfOEfQIbgQLO62vbBhwEfhQ4D3gj8Om++QXcAVwMTC1R9+I2P9LV9+PA0cX9\nAr8NfLCb/hHgm13Nq+ldFjwIPPV0+siPn/6PZx4aZ98BfquqHquqBeAYcCnw7Ko6VlV/WVWn+/K2\nU617FbAe2FFV36yqb1XVXwFU1cGquqPb/1HgncA/bTyGXwTeVlX3V9XjwFuBn+g/++jmf7U7xlN5\nU1fffuADwL9aYpl/CfxpV/Mx4B30QvcFjTVLhofG2tGq+lbf9130/kv640m+mOTGhm2dat3LgQe7\nX+wnSLIuyS1J5pJ8HfggcEnjMTwb+L3uMtI88FV6Zzwb+pZ56DS207/Mg/QC72Tru3kAVNV3uvU2\nLLGs9IQMD42zE84qquobVfX6qnoO8Arg15Jcs9Sy37ehU6/7EPCsU9ysfmu33R+vqh8AXkXvF/+S\n9Z2ihoeAf1tVa/o+U1X16SdZ72SX900/Czi8xDKH6YUVAEnSrTfXsB8JMDy0giR5eZIf7n4pfg04\nTu/SFsAjwHPOYN27gCPA25NcmOSCJC/sVnsG8PfA15JsAHactNmT93m022Z/23uBnUme29XxzCT/\novXYgd9M8rRuOz8P/JcllrkVeFmSa5KsBl4PPAYsBtUT9pHUz/DQSrIJ+HN6v9D/GnhPVX2ym/c2\n4I3d5aGlnkZact2qOg78LL2b418GDtG7dwDwJuB59MLmT4HdJ23zhH1W1f8D3gL8z67t6qr6r/Ru\n+t/SXfq6B/iZMzj2/0HvstudwDuq6uMnL1BVs/TOjv4A+Ep3XD9bVd9eqt4zqEETZPFJFEljKMlG\n4AFg9VL3ZaRB8cxDktTM8JAkNfOylSSpmWcekqRmY/2itUsuuaQ2btw47DIkaazcfffdX6mqtWez\njbEOj40bNzIzMzPsMiRprCR58MmXemJetpIkNTM8JEnNDA9JUjPDQ5LUzPCQJDUb66ethmXPvjl2\n7Z3l8PwC69dMsWPrZrZvcUgESZPD8Gi0Z98cO3fvZ+HYcQDm5hfYuXs/gAEiaWJ42arRrr2z3w2O\nRQvHjrNr7+yQKpKkc8/waHR4fulhpE/VLkkrkeHRaP2aqaZ2SVqJDI9GO7ZuZmr1qhPaplavYsfW\nzUOqSJLOPW+YN1q8Ke7TVpImmeFxBrZv2WBYSJpoXraSJDUzPCRJzQwPSVIzw0OS1MzwkCQ1Mzwk\nSc0MD0lSM8NDktTM8JAkNTM8JEnNDA9JUjPDQ5LUzPCQJDUzPCRJzQwPSVIzx/MYcXv2zTnwlKSR\nM9AzjyS/muTeJPck+UiSC5JcnOSOJAe6nxf1Lb8zycEks0m2DrK2cbBn3xw7d+9nbn6BAubmF9i5\nez979s0NuzRJE25g4ZFkA/DLwHRV/RiwCrgOuBG4s6o2AXd230lyZTf/ucC1wHuSrFpq25Ni195Z\nFo4dP6Ft4dhxdu2dHVJFktQz6Hse5wFTSc4DngYcBrYBN3fzbwa2d9PbgFuq6rGqegA4CFw14PpG\n2uH5haZ2STpXBhYeVTUHvAP4MnAE+FpVfRxYV1VHusUeBtZ10xuAh/o2cahrO0GS1yaZSTJz9OjR\nQZU/EtavmWpql6RzZZCXrS6idzZxBbAeuDDJq/qXqaoCqmW7VXVTVU1X1fTatWuXrd5RtGPrZqZW\nn3jlbmr1KnZs3TykiiSpZ5BPW70EeKCqjgIk2Q28AHgkyaVVdSTJpcCj3fJzwOV961/WtU2sxaeq\nfNpK0qgZZHh8Gbg6ydOABeAaYAb4JnA98Pbu50e75W8HPpzknfTOVDYBdw2wvrGwfcsGw0LSyBlY\neFTVZ5LcBvwN8DiwD7gJeDpwa5LXAA8Cr+yWvzfJrcB93fI3VNXxJTcuSRqq9G47jKfp6emamZkZ\ndhmSNFaS3F1V02ezDV9PIklqZnhIkpoZHpKkZoaHJKmZb9WVpBE3im/XNjwkaYQtvl178SWpi2/X\nBoYaIF62kqQRNqpv1zY8JGmEjerbtQ0PSRpho/p2bcNDkkbYqL5d2xvmkjTCRvXt2oaHJI24UXy7\ntpetJEnNDA9JUjPDQ5LUzPCQJDUzPCRJzQwPSVIzw0OS1MzwkCQ1MzwkSc0MD0lSM8NDktTM8JAk\nNTM8JEnNDA9JUjPDQ5LUzPCQJDUzPCRJzQwPSVIzh6GVpBG1Z9/cyI1dvsjwkKQRtGffHDt372fh\n2HEA5uYX2Ll7P8BIBIiXrSRpBO3aO/vd4Fi0cOw4u/bODqmiExkekjSCDs8vNLWfa4aHJI2g9Wum\nmtrPNcNDkkbQjq2bmVq96oS2qdWr2LF185AqOpE3zCVpBC3eFPdpK0lSk+1bNoxMWJzMy1aSpGYD\nDY8ka5LcluTzSe5P8vwkFye5I8mB7udFfcvvTHIwyWySrYOsTZJ05gZ95vF7wJ9V1T8A/iFwP3Aj\ncGdVbQLu7L6T5ErgOuC5wLXAe5KsWnKrkqShGlh4JHkm8FPA+wGq6ttVNQ9sA27uFrsZ2N5NbwNu\nqarHquoB4CBw1aDqkySduUGeeVwBHAU+kGRfkvcluRBYV1VHumUeBtZ10xuAh/rWP9S1nSDJa5PM\nJJk5evToAMuXJJ3KIMPjPOB5wB9W1Rbgm3SXqBZVVQHVstGquqmqpqtqeu3atctWrCTp9A0yPA4B\nh6rqM9332+iFySNJLgXofj7azZ8DLu9b/7KuTZI0YgYWHlX1MPBQksU/h7wGuA+4Hbi+a7se+Gg3\nfTtwXZLzk1wBbALuGlR9kqQzN+g/Evwl4ENJngp8Efh5eoF1a5LXAA8CrwSoqnuT3EovYB4Hbqiq\n40tvVpI0TAMNj6r6HDC9xKxrTrH8W4C3DLImSdLZ8y/MJUnNfLeVJI2RURma1vCQpDExSkPTetlK\nksbEKA1Na3hI0pgYpaFpDQ9JGhOjNDSt4SFJY2KUhqb1hrkkjYlRGprW8JCkMTIqQ9N62UqS1Mzw\nkCQ1MzwkSc0MD0lSM8NDktTM8JAkNTM8JEnNDA9JUjPDQ5LUzPCQJDUzPCRJzZ40PJL8UpKLzkUx\nkqTxcDpnHuuAzya5Ncm1STLooiRJo+1Jw6Oq3ghsAt4P/BxwIMlbk/zQgGuTJI2o07rnUVUFPNx9\nHgcuAm5L8rsDrE2SNKKedDyPJK8DXg18BXgfsKOqjiV5CnAAeMNgS5QkjZrTGQzqYuCfV9WD/Y1V\n9Z0kLx9MWZKkUfak4VFVv/UE8+5f3nIkSePAv/OQJDUzPCRJzQwPSVIzw0OS1MzwkCQ1MzwkSc0M\nD0lSM8NDktTM8JAkNTM8JEnNDA9JUrOBh0eSVUn2JflY9/3iJHckOdD9vKhv2Z1JDiaZTbJ10LVJ\nks7MuTjzeB3Q/wLFG4E7q2oTcGf3nSRXAtcBzwWuBd6TZNU5qE+S1Gig4ZHkMuBl9MYBWbQNuLmb\nvhnY3td+S1U9VlUPAAeBqwZZnyTpzAz6zONd9AaL+k5f27qqOtJNP0xvjHSADcBDfcsd6tokSSNm\nYOHRDRT1aFXdfapluuFtq3G7r00yk2Tm6NGjZ1umJOkMDPLM44XAK5J8CbgFeHGSDwKPJLkUoPv5\naLf8HHB53/qXdW0nqKqbqmq6qqbXrl07wPIlSacysPCoqp1VdVlVbaR3I/wTVfUq4Hbg+m6x64GP\ndtO3A9clOT/JFcAm4K5B1SdJOnOnM4b5cns7cGuS1wAPAq8EqKp7k9wK3Ac8DtxQVceHUJ8k6Umk\nd9thPE1PT9fMzEzzenv2zbFr7yyH5xdYv2aKHVs3s32L9+YlTYYkd1fV9NlsYxhnHkO1Z98cO3fv\nZ+FY76Rmbn6Bnbv3AxggknSaJu71JLv2zn43OBYtHDvOrr2zQ6pIksbPxIXH4fmFpnZJ0vebuPBY\nv2aqqV2S9P0mLjx2bN3M1OoTX5k1tXoVO7ZuHlJFkjR+Ju6G+eJNcZ+2kqQzN3HhAb0AMSwk6cxN\n3GUrSdLZMzwkSc0MD0lSM8NDktTM8JAkNTM8JEnNDA9JUrOJ/DsPSRqmlTAshOEhSefQShkWwstW\nknQOrZRhIQwPSTqHVsqwEIaHJJ1DK2VYCMNDks6hlTIshDfMJekcWinDQhgeknSOrYRhIbxsJUlq\nZnhIkpoZHpKkZoaHJKmZ4SFJamZ4SJKaGR6SpGaGhySpmeEhSWpmeEiSmhkekqRmhockqZnhIUlq\nZnhIkpoZHpKkZoaHJKmZ4SFJajaw8EhyeZJPJrkvyb1JXte1X5zkjiQHup8X9a2zM8nBJLNJtg6q\nNknS2RnkmcfjwOur6krgauCGJFcCNwJ3VtUm4M7uO92864DnAtcC70myasktS5KGamBjmFfVEeBI\nN/2NJPcDG4BtwIu6xW4GPgX8etd+S1U9BjyQ5CBwFfDXg6pR0mTas2+OXXtnOTy/wPo1U+zYunns\nxxQ/187JPY8kG4EtwGeAdV2wADwMrOumNwAP9a12qGs7eVuvTTKTZObo0aMDq1nSyrRn3xw7d+9n\nbn6BAubmF9i5ez979s0Nu7SxMvDwSPJ04E+AX6mqr/fPq6oCqmV7VXVTVU1X1fTatWuXsVJJk2DX\n3lkWjh0/oW3h2HF27Z0dUkXjaaDhkWQ1veD4UFXt7pofSXJpN/9S4NGufQ64vG/1y7o2SVo2h+cX\nmtq1tEE+bRXg/cD9VfXOvlm3A9d309cDH+1rvy7J+UmuADYBdw2qPkmTaf2aqaZ2LW2QZx4vBP41\n8OIkn+s+LwXeDvx0kgPAS7rvVNW9wK3AfcCfATdU1fGlNy1JZ2bH1s1MrT7xQc6p1avYsXXzkCoa\nT4N82uqvgJxi9jWnWOctwFsGVZMkLT5V5dNWZ2dg4SFJo2r7lg2GxVny9SSSpGaGhySpmeEhSWpm\neEiSmhkekqRmhockqZnhIUlqZnhIkpoZHpKkZoaHJKmZ4SFJamZ4SJKaGR6SpGaGhySpmeEhSWpm\neEiSmhkekqRmhockqZnhIUlqZnhIkpoZHpKkZucNuwBJOlt79s2xa+8sh+cXWL9mih1bN7N9y4YV\nt89RYnhIGmt79s2xc/d+Fo4dB2BufoGdu/cDDOyX+TD2OWq8bCVprO3aO/vdX+KLFo4dZ9fe2RW1\nz1FjeEgaa4fnF5rax3Wfo8bwkDTW1q+Zamof132OGsND0ljbsXUzU6tXndA2tXoVO7ZuXlH7HDXe\nMJc01hZvUJ/LJ5+Gsc9Rk6oadg1nbHp6umZmZoZdhiSNlSR3V9X02WzDy1aSpGaGhySpmeEhSWpm\neEiSmhkekqRmY/20VZKjwDeBrwy7lhFxCfYF2A+L7Ice++F7Fvvi2VW19mw2NNbhAZBk5mwfOVsp\n7Ise+6HHfuixH75nOfvCy1aSpGaGhySp2UoIj5uGXcAIsS967Ice+6HHfvieZeuLsb/nIUk691bC\nmYck6RwzPCRJzcY6PJJcm2Q2ycEkNw67nkFKcnmSTya5L8m9SV7XtV+c5I4kB7qfF/Wts7Prm9kk\nW4dX/fJLsirJviQf675PXD8kWZPktiSfT3J/kudPYj8AJPnV7t/FPUk+kuSCSeiLJP8pyaNJ7ulr\naz7uJP8oyf5u3u8nyZPuvKrG8gOsAr4APAd4KvC3wJXDrmuAx3sp8Lxu+hnA/wauBH4XuLFrvxH4\nnW76yq5Pzgeu6Ppq1bCPYxn749eADwMf675PXD8ANwO/0E0/FVgzof2wAXgAmOq+3wr83CT0BfBT\nwPOAe/ramo8buAu4Ggjw34GfebJ9j/OZx1XAwar6YlV9G7gF2Dbkmgamqo5U1d90098A7qf3j2Yb\nvV8idD+3d9PbgFuq6rGqegA4SK/Pxl6Sy4CXAe/ra56ofkjyTHq/ON4PUFXfrqp5Jqwf+pwHTCU5\nD3gacJgJ6Iuq+gvgqyc1Nx13kkuBH6iq/1W9JPnPfeuc0jiHxwbgob7vh7q2FS/JRmAL8BlgXVUd\n6WY9DKzrpldy/7wLeAPwnb62SeuHK4CjwAe6y3fvS3Ihk9cPVNUc8A7gy8AR4GtV9XEmsC86rce9\noZs+uf0JjXN4TKQkTwf+BPiVqvp6/7zuvxpW9LPXSV4OPFpVd59qmUnoB3r/pf084A+ragu9d7yd\ncN9vQvqB7pr+NnqBuh64MMmr+peZlL442SCPe5zDYw64vO/7ZV3bipVkNb3g+FBV7e6aH+lOO+l+\nPtq1r9T+eSHwiiRfonep8sVJPsjk9cMh4FBVfab7fhu9MJm0fgB4CfBAVR2tqmPAbuAFTGZfQPtx\nz3XTJ7c/oXEOj88Cm5JckeSpwHXA7UOuaWC6px/eD9xfVe/sm3U7cH03fT3w0b7265Kcn+QKYBO9\nm2Jjrap2VtVlVbWR3v/mn6iqVzF5/fAw8FCSzV3TNcB9TFg/dL4MXJ3kad2/k2vo3ROcxL6AxuPu\nLnF9PcnVXf+9um+dUxv20wJn+aTBS+k9dfQF4DeGXc+Aj/Un6Z1+/h3wue7zUuAHgTuBA8CfAxf3\nrfMbXd/MchpPT4zbB3gR33vaauL6AfgJYKb7/8Qe4KJJ7Ifu2N4EfB64B/hjek8Urfi+AD5C7z7P\nMXpno685k+MGpru++wLwbrq3jzzRx9eTSJKajfNlK0nSkBgekqRmhockqZnhIUlqZnhIkpoZHpKk\nZoaHJKmZ4SEtoyT/OMnfdeNJXNiNMfFjw65LWm7+kaC0zJK8GbgAmKL3/qm3DbkkadkZHtIy6961\n9lngW8ALqur4kEuSlp2XraTl94PA0+mN+HjBkGuRBsIzD2mZJbmd3uvirwAurap/N+SSpGV33rAL\nkFaSJK8GjlXVh5OsAj6d5MVV9Ylh1yYtJ888JEnNvOchSWpmeEiSmhkekqRmhockqZnhIUlqZnhI\nkpoZHpKkZv8fAyDb7OH5/aYAAAAASUVORK5CYII=\n",
      "text/plain": [
       "<matplotlib.figure.Figure at 0x11502bef0>"
      ]
     },
     "metadata": {},
     "output_type": "display_data"
    }
   ],
   "source": [
    "fig = plt.figure()\n",
    "\n",
    "ax = fig.add_subplot(1,1,1)\n",
    "\n",
    "ax.scatter(x,y)\n",
    "\n",
    "ax.set_title('first scatter plot')\n",
    "ax.set_xlabel('x')\n",
    "ax.set_ylabel('y')\n",
    "\n",
    "fig.show()"
   ]
  },
  {
   "cell_type": "code",
   "execution_count": null,
   "metadata": {
    "collapsed": true
   },
   "outputs": [],
   "source": []
  }
 ],
 "metadata": {
  "kernelspec": {
   "display_name": "Python 3",
   "language": "python",
   "name": "python3"
  },
  "language_info": {
   "codemirror_mode": {
    "name": "ipython",
    "version": 3
   },
   "file_extension": ".py",
   "mimetype": "text/x-python",
   "name": "python",
   "nbconvert_exporter": "python",
   "pygments_lexer": "ipython3",
   "version": "3.6.0"
  }
 },
 "nbformat": 4,
 "nbformat_minor": 2
}
